1234567890-f
2345678901-G
3456789012-s
4567890123-a
5678901234-H
6789012345-X
7890123456-u
8901234567-E
9012345678-B
0123456789-y
1357924680-N
2468035791-w
3579146802-c
4680257913
5791368024
479135
7913580246
8024691357
9135702468
0246813579
1473925804
2584036915
3695147026
4706258137
5817369248
6928470359
7039581460
8140692571
9251703682
0362814793
1594837026
2605948137
3716059248
4827160359
5938271460
7049382571
8150493682
9261504793
0372615904
1483726015
2616938257
3727049368
4838150479
5949261580
7050372691
8161483702
9272594813
0383605924
1494716035
2505827146
3637939480
4748040591
5859151702
6960262813
8071373924
9182484035
0293595146
1304606257
2415717368
3526828479
4658930812
5769041923
6870152034
7981263145
8092374256
9103485367
0214596478
1325607589
2436718690
3547829701
4679931945
5781042056
6892153167
7903264278
8014375389
9125486490
0236597501
1347608612
2458719723
3569820834
4690933078
5701044189
6812155290
7923266301
8034377412
9145488523
0256599634
1367600745
2478711856
3589822967
4710935210
5821046321
6932157432
7043268543
8154379654
9265480765
0376591876
1487602987
2598713098
3609824109